% AgCl (silver chloride) n,k — Tilton, Plyler, Stephens, JOSA 40, 540 (1950)
% Sellmeier valid 578nm-20.6um; <578nm held flat at n(578); k=0 (transparent)
%  Energy (eV)	n	k
1.23984	2.02239	0.00000
1.24233	2.02248	0.00000
1.24482	2.02257	0.00000
1.24733	2.02266	0.00000
1.24984	2.02274	0.00000
1.25237	2.02283	0.00000
1.25490	2.02292	0.00000
1.25745	2.02301	0.00000
1.26000	2.02310	0.00000
1.26257	2.02320	0.00000
1.26514	2.02329	0.00000
1.26773	2.02338	0.00000
1.27033	2.02347	0.00000
1.27294	2.02357	0.00000
1.27556	2.02366	0.00000
1.27819	2.02376	0.00000
1.28083	2.02385	0.00000
1.28348	2.02395	0.00000
1.28614	2.02405	0.00000
1.28882	2.02415	0.00000
1.29150	2.02424	0.00000
1.29420	2.02434	0.00000
1.29691	2.02444	0.00000
1.29962	2.02454	0.00000
1.30236	2.02464	0.00000
1.30510	2.02474	0.00000
1.30785	2.02485	0.00000
1.31062	2.02495	0.00000
1.31339	2.02505	0.00000
1.31618	2.02516	0.00000
1.31898	2.02526	0.00000
1.32179	2.02537	0.00000
1.32462	2.02548	0.00000
1.32745	2.02558	0.00000
1.33030	2.02569	0.00000
1.33316	2.02580	0.00000
1.33604	2.02591	0.00000
1.33892	2.02602	0.00000
1.34182	2.02613	0.00000
1.34473	2.02624	0.00000
1.34765	2.02635	0.00000
1.35059	2.02647	0.00000
1.35354	2.02658	0.00000
1.35650	2.02670	0.00000
1.35948	2.02681	0.00000
1.36246	2.02693	0.00000
1.36546	2.02704	0.00000
1.36848	2.02716	0.00000
1.37151	2.02728	0.00000
1.37455	2.02740	0.00000
1.37760	2.02752	0.00000
1.38067	2.02764	0.00000
1.38375	2.02777	0.00000
1.38685	2.02789	0.00000
1.38996	2.02801	0.00000
1.39308	2.02814	0.00000
1.39622	2.02826	0.00000
1.39937	2.02839	0.00000
1.40254	2.02852	0.00000
1.40572	2.02865	0.00000
1.40891	2.02878	0.00000
1.41212	2.02891	0.00000
1.41534	2.02904	0.00000
1.41858	2.02917	0.00000
1.42184	2.02930	0.00000
1.42511	2.02944	0.00000
1.42839	2.02957	0.00000
1.43169	2.02971	0.00000
1.43500	2.02985	0.00000
1.43833	2.02999	0.00000
1.44168	2.03012	0.00000
1.44504	2.03027	0.00000
1.44841	2.03041	0.00000
1.45181	2.03055	0.00000
1.45521	2.03069	0.00000
1.45864	2.03084	0.00000
1.46208	2.03098	0.00000
1.46553	2.03113	0.00000
1.46901	2.03128	0.00000
1.47250	2.03143	0.00000
1.47600	2.03158	0.00000
1.47953	2.03173	0.00000
1.48306	2.03188	0.00000
1.48662	2.03204	0.00000
1.49019	2.03219	0.00000
1.49379	2.03235	0.00000
1.49739	2.03251	0.00000
1.50102	2.03266	0.00000
1.50466	2.03282	0.00000
1.50832	2.03299	0.00000
1.51200	2.03315	0.00000
1.51570	2.03331	0.00000
1.51941	2.03348	0.00000
1.52315	2.03364	0.00000
1.52690	2.03381	0.00000
1.53067	2.03398	0.00000
1.53446	2.03415	0.00000
1.53827	2.03432	0.00000
1.54209	2.03450	0.00000
1.54594	2.03467	0.00000
1.54980	2.03485	0.00000
1.55369	2.03502	0.00000
1.55759	2.03520	0.00000
1.56151	2.03538	0.00000
1.56546	2.03557	0.00000
1.56942	2.03575	0.00000
1.57340	2.03593	0.00000
1.57741	2.03612	0.00000
1.58143	2.03631	0.00000
1.58548	2.03650	0.00000
1.58954	2.03669	0.00000
1.59363	2.03688	0.00000
1.59773	2.03708	0.00000
1.60186	2.03727	0.00000
1.60601	2.03747	0.00000
1.61018	2.03767	0.00000
1.61438	2.03787	0.00000
1.61859	2.03807	0.00000
1.62283	2.03828	0.00000
1.62709	2.03849	0.00000
1.63137	2.03869	0.00000
1.63568	2.03890	0.00000
1.64000	2.03912	0.00000
1.64435	2.03933	0.00000
1.64873	2.03955	0.00000
1.65312	2.03976	0.00000
1.65754	2.03998	0.00000
1.66199	2.04020	0.00000
1.66645	2.04043	0.00000
1.67095	2.04065	0.00000
1.67546	2.04088	0.00000
1.68000	2.04111	0.00000
1.68457	2.04134	0.00000
1.68916	2.04157	0.00000
1.69377	2.04181	0.00000
1.69841	2.04205	0.00000
1.70308	2.04229	0.00000
1.70777	2.04253	0.00000
1.71249	2.04277	0.00000
1.71723	2.04302	0.00000
1.72200	2.04327	0.00000
1.72680	2.04352	0.00000
1.73162	2.04378	0.00000
1.73647	2.04403	0.00000
1.74135	2.04429	0.00000
1.74626	2.04455	0.00000
1.75119	2.04481	0.00000
1.75615	2.04508	0.00000
1.76114	2.04535	0.00000
1.76616	2.04562	0.00000
1.77120	2.04589	0.00000
1.77628	2.04617	0.00000
1.78138	2.04645	0.00000
1.78652	2.04673	0.00000
1.79168	2.04701	0.00000
1.79687	2.04730	0.00000
1.80210	2.04759	0.00000
1.80735	2.04788	0.00000
1.81263	2.04818	0.00000
1.81795	2.04848	0.00000
1.82330	2.04878	0.00000
1.82868	2.04909	0.00000
1.83409	2.04939	0.00000
1.83953	2.04970	0.00000
1.84500	2.05002	0.00000
1.85051	2.05033	0.00000
1.85605	2.05065	0.00000
1.86162	2.05098	0.00000
1.86723	2.05131	0.00000
1.87287	2.05164	0.00000
1.87855	2.05197	0.00000
1.88426	2.05231	0.00000
1.89000	2.05265	0.00000
1.89578	2.05299	0.00000
1.90160	2.05334	0.00000
1.90745	2.05369	0.00000
1.91334	2.05405	0.00000
1.91926	2.05441	0.00000
1.92522	2.05477	0.00000
1.93122	2.05514	0.00000
1.93725	2.05551	0.00000
1.94333	2.05588	0.00000
1.94944	2.05626	0.00000
1.95559	2.05664	0.00000
1.96178	2.05703	0.00000
1.96800	2.05742	0.00000
1.97427	2.05782	0.00000
1.98058	2.05822	0.00000
1.98693	2.05862	0.00000
1.99332	2.05903	0.00000
1.99975	2.05944	0.00000
2.00622	2.05986	0.00000
2.01273	2.06028	0.00000
2.01929	2.06071	0.00000
2.02589	2.06115	0.00000
2.03253	2.06158	0.00000
2.03921	2.06203	0.00000
2.04594	2.06247	0.00000
2.05272	2.06293	0.00000
2.05954	2.06339	0.00000
2.06640	2.06385	0.00000
2.07331	2.06432	0.00000
2.08027	2.06479	0.00000
2.08728	2.06527	0.00000
2.09433	2.06576	0.00000
2.10143	2.06625	0.00000
2.10857	2.06675	0.00000
2.11577	2.06725	0.00000
2.12302	2.06776	0.00000
2.13031	2.06828	0.00000
2.13766	2.06880	0.00000
2.14506	2.06933	0.00000
2.15250	2.06933	0.00000
2.16000	2.06933	0.00000
2.16756	2.06933	0.00000
2.17516	2.06933	0.00000
2.18282	2.06933	0.00000
2.19053	2.06933	0.00000
2.19830	2.06933	0.00000
2.20612	2.06933	0.00000
2.21400	2.06933	0.00000
2.22194	2.06933	0.00000
2.22993	2.06933	0.00000
2.23798	2.06933	0.00000
2.24609	2.06933	0.00000
2.25426	2.06933	0.00000
2.26249	2.06933	0.00000
2.27077	2.06933	0.00000
2.27912	2.06933	0.00000
2.28753	2.06933	0.00000
2.29600	2.06933	0.00000
2.30454	2.06933	0.00000
2.31314	2.06933	0.00000
2.32180	2.06933	0.00000
2.33053	2.06933	0.00000
2.33932	2.06933	0.00000
2.34819	2.06933	0.00000
2.35711	2.06933	0.00000
2.36611	2.06933	0.00000
2.37518	2.06933	0.00000
2.38431	2.06933	0.00000
2.39352	2.06933	0.00000
2.40279	2.06933	0.00000
2.41214	2.06933	0.00000
2.42157	2.06933	0.00000
2.43106	2.06933	0.00000
2.44063	2.06933	0.00000
2.45028	2.06933	0.00000
2.46000	2.06933	0.00000
2.46980	2.06933	0.00000
2.47968	2.06933	0.00000
2.48964	2.06933	0.00000
2.49968	2.06933	0.00000
2.50980	2.06933	0.00000
2.52000	2.06933	0.00000
2.53029	2.06933	0.00000
2.54066	2.06933	0.00000
2.55112	2.06933	0.00000
2.56166	2.06933	0.00000
2.57229	2.06933	0.00000
2.58300	2.06933	0.00000
2.59381	2.06933	0.00000
2.60471	2.06933	0.00000
2.61570	2.06933	0.00000
2.62678	2.06933	0.00000
2.63796	2.06933	0.00000
2.64924	2.06933	0.00000
2.66061	2.06933	0.00000
2.67207	2.06933	0.00000
2.68364	2.06933	0.00000
2.69531	2.06933	0.00000
2.70708	2.06933	0.00000
2.71895	2.06933	0.00000
2.73093	2.06933	0.00000
2.74301	2.06933	0.00000
2.75520	2.06933	0.00000
2.76750	2.06933	0.00000
2.77991	2.06933	0.00000
2.79244	2.06933	0.00000
2.80507	2.06933	0.00000
2.81782	2.06933	0.00000
2.83069	2.06933	0.00000
2.84367	2.06933	0.00000
2.85678	2.06933	0.00000
2.87000	2.06933	0.00000
2.88335	2.06933	0.00000
2.89683	2.06933	0.00000
2.91043	2.06933	0.00000
2.92416	2.06933	0.00000
2.93801	2.06933	0.00000
2.95200	2.06933	0.00000
2.96613	2.06933	0.00000
2.98039	2.06933	0.00000
2.99479	2.06933	0.00000
3.00933	2.06933	0.00000
3.02400	2.06933	0.00000
3.03883	2.06933	0.00000
3.05380	2.06933	0.00000
3.06892	2.06933	0.00000
3.08418	2.06933	0.00000
3.09960	2.06933	0.00000
3.11518	2.06933	0.00000
3.13091	2.06933	0.00000
3.14681	2.06933	0.00000
3.16286	2.06933	0.00000
3.17908	2.06933	0.00000
3.19547	2.06933	0.00000
3.21203	2.06933	0.00000
3.22876	2.06933	0.00000
3.24566	2.06933	0.00000
3.26274	2.06933	0.00000
3.28001	2.06933	0.00000
3.29745	2.06933	0.00000
3.31509	2.06933	0.00000
3.33291	2.06933	0.00000
3.35092	2.06933	0.00000
3.36914	2.06933	0.00000
3.38755	2.06933	0.00000
3.40616	2.06933	0.00000
3.42498	2.06933	0.00000
3.44401	2.06933	0.00000
3.46325	2.06933	0.00000
3.48270	2.06933	0.00000
3.50238	2.06933	0.00000
3.52228	2.06933	0.00000
3.54241	2.06933	0.00000
3.56276	2.06933	0.00000
3.58336	2.06933	0.00000
3.60419	2.06933	0.00000
3.62527	2.06933	0.00000
3.64659	2.06933	0.00000
3.66817	2.06933	0.00000
3.69001	2.06933	0.00000
3.71210	2.06933	0.00000
3.73446	2.06933	0.00000
3.75710	2.06933	0.00000
3.78001	2.06933	0.00000
3.80320	2.06933	0.00000
3.82667	2.06933	0.00000
3.85044	2.06933	0.00000
3.87451	2.06933	0.00000
3.89887	2.06933	0.00000
3.92355	2.06933	0.00000
3.94854	2.06933	0.00000
3.97385	2.06933	0.00000
3.99949	2.06933	0.00000
4.02546	2.06933	0.00000
4.05177	2.06933	0.00000
4.07843	2.06933	0.00000
4.10544	2.06933	0.00000
4.13281	2.06933	0.00000
